Sample	0	1	2	3	4	5	6	7	8	9	10	11	12	13	14	15
HBR_Rep1_ERCC_read1	(1.0, 50.38247126194432)	(2.0, 7.4115930539507975)	(3.0, 2.9400106265444332)	(4.0, 1.9127779979927637)	(5.0, 1.4969933626266119)	(6.0, 1.0626544433293132)	(7.0, 1.115787165495779)	(8.0, 0.8501235546634506)	(9.0, 0.8197619991397559)	('>10', 16.65668671091582)	('>50', 6.54122846227155)	('>100', 8.809911361125401)	('>500', 0.0)	('>1k', 0.0)	('>5k', 0.0)	('>10k+', 0.0)
HBR_Rep1_ERCC_read1_val_1	(1.0, 50.4103066324463)	(2.0, 7.402404430636228)	(3.0, 2.9405308658651896)	(4.0, 1.9181412940699718)	(5.0, 1.4858841010401187)	(6.0, 1.0637579359719034)	(7.0, 1.1110360664595433)	(8.0, 0.8577603674186141)	(9.0, 0.820613264892611)	('>10', 16.63936917465892)	('>50', 6.539578549236796)	('>100', 8.810617317303796)	('>500', 0.0)	('>1k', 0.0)	('>5k', 0.0)	('>10k+', 0.0)
HBR_Rep1_ERCC_read2	(1.0, 49.70945678116909)	(2.0, 6.917374400148435)	(3.0, 2.608563645410767)	(4.0, 1.666512047633907)	(5.0, 1.4042219429708782)	(6.0, 1.3460289615504633)	(7.0, 1.086268986514409)	(8.0, 0.9715697767582292)	(9.0, 0.9563889989963819)	('>10', 20.23682013308482)	('>50', 6.911470764352161)	('>100', 5.736647240893642)	('>500', 0.44867632051682116)	('>1k', 0.0)	('>5k', 0.0)	('>10k+', 0.0)
HBR_Rep1_ERCC_read2_val_2	(1.0, 49.79906794542753)	(2.0, 6.905984060516007)	(3.0, 2.6011414291503443)	(4.0, 1.6614885857084964)	(5.0, 1.3972376063757936)	(6.0, 1.3524922328785627)	(7.0, 1.0755774685938133)	(8.0, 0.9793327029582601)	(9.0, 0.9573821423747129)	('>10', 20.321153586383897)	('>50', 6.7759692016749975)	('>100', 5.724030798325003)	('>500', 0.4491422396325813)	('>1k', 0.0)	('>5k', 0.0)	('>10k+', 0.0)
HBR_Rep2_ERCC_read1	(1.0, 48.506483642439896)	(2.0, 7.8535622056813)	(3.0, 3.0947481805753108)	(4.0, 1.8587822628533552)	(5.0, 1.4120392747158659)	(6.0, 1.0564401419634595)	(7.0, 0.9666772540842115)	(8.0, 0.9335340339441812)	(9.0, 0.7208650380456548)	('>10', 15.94188888735448)	('>50', 6.9096709154433595)	('>100', 10.355184842500655)	('>500', 0.390123320398271)	('>1k', 0.0)	('>5k', 0.0)	('>10k+', 0.0)
HBR_Rep2_ERCC_read1_val_1	(1.0, 48.57597124291442)	(2.0, 7.823862850822619)	(3.0, 3.090004147656574)	(4.0, 1.8719756670814325)	(5.0, 1.3963777132586757)	(6.0, 1.0825383658233099)	(7.0, 0.9435918705931148)	(8.0, 0.9346052813493708)	(9.0, 0.7154707590211531)	('>10', 15.954652288123878)	('>50', 6.941103276648694)	('>100', 10.279275542651735)	('>500', 0.39057099405502554)	('>1k', 0.0)	('>5k', 0.0)	('>10k+', 0.0)
HBR_Rep2_ERCC_read2	(1.0, 48.05628823553782)	(2.0, 7.042934279756398)	(3.0, 2.777816137986273)	(4.0, 1.7151616422465579)	(5.0, 1.242870755251129)	(6.0, 1.2097275351110988)	(7.0, 1.087511910844738)	(8.0, 0.8727714636874594)	(9.0, 0.8637951748995346)	('>10', 18.846754035877535)	('>50', 8.177399085799511)	('>100', 7.6070595058898265)	('>500', 0.49991023711212074)	('>1k', 0.0)	('>5k', 0.0)	('>10k+', 0.0)
HBR_Rep2_ERCC_read2_val_2	(1.0, 48.16742707037191)	(2.0, 7.02198257984239)	(3.0, 2.764413106594774)	(4.0, 1.7226600304161481)	(5.0, 1.2546661136457902)	(6.0, 1.20696806304438)	(7.0, 1.0597262546661137)	(8.0, 0.8682427761648003)	(9.0, 0.8710078805474907)	('>10', 18.838656159270013)	('>50', 8.129406885109914)	('>100', 7.594359187059312)	('>500', 0.5004838932669708)	('>1k', 0.0)	('>5k', 0.0)	('>10k+', 0.0)
HBR_Rep3_ERCC_read1	(1.0, 49.82740819502874)	(2.0, 7.28275777048372)	(3.0, 3.0373075678424484)	(4.0, 1.9015918512012082)	(5.0, 1.3021435285778127)	(6.0, 0.956959918635292)	(7.0, 1.1488142018399519)	(8.0, 0.9430909343072443)	(9.0, 0.8876149969950534)	('>10', 15.859954078251892)	('>50', 6.763441357311266)	('>100', 10.088915599525372)	('>500', 0.0)	('>1k', 0.0)	('>5k', 0.0)	('>10k+', 0.0)
HBR_Rep3_ERCC_read1_val_1	(1.0, 49.874257502121424)	(2.0, 7.2745506441410175)	(3.0, 3.0340199028002774)	(4.0, 1.894623158219548)	(5.0, 1.3075676926637354)	(6.0, 0.967368664660958)	(7.0, 1.1555966982951478)	(8.0, 0.9257116408238835)	(9.0, 0.9095116871094653)	('>10', 15.850497570006944)	('>50', 6.723752217850806)	('>100', 10.082542621306796)	('>500', 0.0)	('>1k', 0.0)	('>5k', 0.0)	('>10k+', 0.0)
HBR_Rep3_ERCC_read2	(1.0, 49.28959980275222)	(2.0, 7.026952059544173)	(3.0, 2.394711293976238)	(4.0, 1.7937219730941705)	(5.0, 1.290586041637773)	(6.0, 1.1696176783320233)	(7.0, 1.0193703481115066)	(8.0, 0.9245989552031807)	(9.0, 0.8737460126670057)	('>10', 19.297150694219717)	('>50', 7.672630329927727)	('>100', 6.823540289399473)	('>500', 0.4237745211347911)	('>1k', 0.0)	('>5k', 0.0)	('>10k+', 0.0)
HBR_Rep3_ERCC_read2_val_2	(1.0, 49.39057316979094)	(2.0, 7.012265679240916)	(3.0, 2.3837074751214997)	(4.0, 1.7866234667900949)	(5.0, 1.2921391653166705)	(6.0, 1.166396667438093)	(7.0, 1.0205970840083314)	(8.0, 0.9380544627015353)	(9.0, 0.8678546632723907)	('>10', 19.314973385790328)	('>50', 7.584664043817018)	('>100', 6.817866234667901)	('>500', 0.42428450204427987)	('>1k', 0.0)	('>5k', 0.0)	('>10k+', 0.0)
UHR_Rep1_ERCC_read1	(1.0, 47.75184602507157)	(2.0, 8.849832674553658)	(3.0, 3.354105359158352)	(4.0, 2.048563527191509)	(5.0, 1.426356841299268)	(6.0, 1.1540016651639193)	(7.0, 1.0135392457784815)	(8.0, 0.8002207349439702)	(9.0, 0.8405633548686317)	('>10', 14.07681116056133)	('>50', 7.4081208231518785)	('>100', 10.336000280149914)	('>500', 0.940038308107523)	('>1k', 0.0)	('>5k', 0.0)	('>10k+', 0.0)
UHR_Rep1_ERCC_read1_val_1	(1.0, 47.78537207709688)	(2.0, 8.834926787202672)	(3.0, 3.3560022570223893)	(4.0, 2.063204598002965)	(5.0, 1.4411598322888952)	(6.0, 1.1647511124820675)	(7.0, 1.0103679611246181)	(8.0, 0.8051974556088911)	(9.0, 0.8610524988894528)	('>10', 14.05998634024756)	('>50', 7.361252288193647)	('>100', 10.31880448091092)	('>500', 0.937922310929038)	('>1k', 0.0)	('>5k', 0.0)	('>10k+', 0.0)
UHR_Rep1_ERCC_read2	(1.0, 47.24019649584274)	(2.0, 8.560308576397809)	(3.0, 3.088787655296963)	(4.0, 1.790307877708457)	(5.0, 1.3290173333872883)	(6.0, 1.1360626723081964)	(7.0, 0.8517203364519579)	(8.0, 0.8337147175519486)	(9.0, 0.7856997338185903)	('>10', 17.673879012397066)	('>50', 7.859725462261662)	('>100', 8.408078401489218)	('>500', 0.4425017250881088)	('>1k', 0.0)	('>5k', 0.0)	('>10k+', 0.0)
UHR_Rep1_ERCC_read2_val_2	(1.0, 47.78803745808677)	(2.0, 8.583048897998005)	(3.0, 3.0913797152405937)	(4.0, 1.7347989119327798)	(5.0, 1.305941493834263)	(6.0, 1.1502329369540787)	(7.0, 0.8482920602323051)	(8.0, 0.8108350082220473)	(9.0, 0.7932081602172203)	('>10', 17.40045317576512)	('>50', 7.664924687099043)	('>100', 8.382667904295596)	('>500', 0.4461795901221864)	('>1k', 0.0)	('>5k', 0.0)	('>10k+', 0.0)
UHR_Rep2_ERCC_read1	(1.0, 46.75592616999132)	(2.0, 6.23995368688144)	(3.0, 2.9247473409988114)	(4.0, 1.9264286550103773)	(5.0, 1.5673788129799904)	(6.0, 1.2785376879160946)	(7.0, 1.1036317614381703)	(8.0, 1.0248009213354436)	(9.0, 0.936732092158179)	('>10', 16.688735196122508)	('>50', 7.24196756849969)	('>100', 10.791818836875589)	('>500', 1.5193412697923916)	('>1k', 0.0)	('>5k', 0.0)	('>10k+', 0.0)
UHR_Rep2_ERCC_read1_val_1	(1.0, 46.83221609076207)	(2.0, 6.23063343332963)	(3.0, 2.925817562312507)	(4.0, 1.923385553621471)	(5.0, 1.5709294717479598)	(6.0, 1.2592126217547497)	(7.0, 1.1104526992827426)	(8.0, 1.0419367183931458)	(9.0, 0.9277434169104848)	('>10', 16.638272656568276)	('>50', 7.237386269644334)	('>100', 10.78416848758688)	('>500', 1.51784501808575)	('>1k', 0.0)	('>5k', 0.0)	('>10k+', 0.0)
UHR_Rep2_ERCC_read2	(1.0, 46.36854649479901)	(2.0, 5.776822501277922)	(3.0, 2.5182758217191283)	(4.0, 1.7638400472985043)	(5.0, 1.487316241000659)	(6.0, 1.2563665141372027)	(7.0, 1.1122538845744057)	(8.0, 1.1085586889445906)	(9.0, 0.8868469511556725)	('>10', 20.60564256372673)	('>50', 8.083856306159275)	('>100', 8.611653415284561)	('>500', 0.42002056992233927)	('>1k', 0.0)	('>5k', 0.0)	('>10k+', 0.0)
UHR_Rep2_ERCC_read2_val_2	(1.0, 46.584077132945694)	(2.0, 5.750404306013357)	(3.0, 2.5128698937076406)	(4.0, 1.7530214930311223)	(5.0, 1.4906855301655495)	(6.0, 1.2332876560127402)	(7.0, 1.149340147895757)	(8.0, 1.0913176055207832)	(9.0, 0.8944113180993297)	('>10', 20.463439625692875)	('>50', 8.065133390121353)	('>100', 8.591039838030689)	('>500', 0.42097206276310756)	('>1k', 0.0)	('>5k', 0.0)	('>10k+', 0.0)
UHR_Rep3_ERCC_read1	(1.0, 41.58712697231479)	(2.0, 6.713689455463164)	(3.0, 3.1885980522211796)	(4.0, 2.1548516517293814)	(5.0, 1.7417844932647406)	(6.0, 1.274792118290355)	(7.0, 1.1022314254591732)	(8.0, 1.0137940703831927)	(9.0, 0.9949202446047821)	('>10', 17.678842980554567)	('>50', 8.546068312464275)	('>100', 13.198735992925013)	('>500', 0.8045642303253848)	('>1k', 0.0)	('>5k', 0.0)	('>10k+', 0.0)
UHR_Rep3_ERCC_read1_val_1	(1.0, 41.646592418955855)	(2.0, 6.712540373543041)	(3.0, 3.1888347574346736)	(4.0, 2.1539757812753177)	(5.0, 1.7391680079504823)	(6.0, 1.270348805807309)	(7.0, 1.1077744050641114)	(8.0, 0.9981312045628856)	(9.0, 0.9965108616983354)	('>10', 17.662277337884696)	('>50', 8.534345867585582)	('>100', 13.184189774556296)	('>500', 0.805310403681419)	('>1k', 0.0)	('>5k', 0.0)	('>10k+', 0.0)
UHR_Rep3_ERCC_read2	(1.0, 40.59705999719589)	(2.0, 6.259639132451117)	(3.0, 2.8051897628368976)	(4.0, 1.8981676211429988)	(5.0, 1.5233873664002762)	(6.0, 1.3039117352056169)	(7.0, 1.1399790770159943)	(8.0, 0.9016296200429245)	(9.0, 0.9997735140906591)	('>10', 22.318029356887866)	('>50', 8.980705557532813)	('>100', 10.891815230638151)	('>500', 0.38071202855879466)	('>1k', 0.0)	('>5k', 0.0)	('>10k+', 0.0)
UHR_Rep3_ERCC_read2_val_2	(1.0, 40.870448186836335)	(2.0, 6.236159571365301)	(3.0, 2.788610069890789)	(4.0, 1.8882395514890953)	(5.0, 1.5204217212362137)	(6.0, 1.3124777202856124)	(7.0, 1.1342400051850972)	(8.0, 0.8944292612316767)	(9.0, 1.006232918885636)	('>10', 22.194376330031435)	('>50', 8.972378555302301)	('>100', 10.80174564937941)	('>500', 0.38024045888109925)	('>1k', 0.0)	('>5k', 0.0)	('>10k+', 0.0)
